Determinant:

Det test res:
dim/th;           6;           7;          10;          11;          15;          25;          50;         111;         150;         201;         300;         500;         501;        1000;
     1;   0.0000019;   0.0000016;   0.0000021;   0.0000024;   0.0000058;   0.0000126;   0.0000788;   0.0008219;   0.0019997;   0.0046421;   0.0156362;   0.0720217;   0.0727178;   0.5677590;
     2;   0.0000686;   0.0000369;   0.0000463;   0.0000489;   0.0000705;   0.0001228;   0.0002801;   0.0009956;   0.0018893;   0.0034586;   0.0104130;   0.0416448;   0.0431742;   0.3060360;
     3;   0.0000593;   0.0000441;   0.0000599;   0.0000615;   0.0000909;   0.0001572;   0.0003686;   0.0011371;   0.0019026;   0.0031758;   0.0083631;   0.0311284;   0.0413396;   0.3735440;
     4;   0.0000612;   0.0000461;   0.0000647;   0.0000697;   0.0001026;   0.0001841;   0.0004065;   0.0012148;   0.0019792;   0.0032181;   0.0115782;   0.0424858;   0.0426534;   0.2974637;
     5;   0.0000633;   0.0000527;   0.0000715;   0.0000775;   0.0001123;   0.0001931;   0.0004192;   0.0013441;   0.0023707;   0.0041627;   0.0102734;   0.0361654;   0.0365355;   0.2462160;
     6;   0.0000654;   0.0000629;   0.0000792;   0.0000839;   0.0001189;   0.0002082;   0.0004410;   0.0014458;   0.0024796;   0.0041507;   0.0097025;   0.0327500;   0.0333190;   0.2122838;
     7;   0.0000661;   0.0000605;   0.0000802;   0.0000921;   0.0001228;   0.0002139;   0.0004599;   0.0015024;   0.0025041;   0.0039992;   0.0104949;   0.0295125;   0.0299140;   0.1857116;
     8;   0.0000615;   0.0000610;   0.0000808;   0.0000940;   0.0001263;   0.0002180;   0.0004912;   0.0015453;   0.0024372;   0.0040078;   0.0100855;   0.0277095;   0.0284872;   0.1693895;
     9;   0.0000680;   0.0000581;   0.0000821;   0.0001092;   0.0001306;   0.0002228;   0.0005149;   0.0015557;   0.0025029;   0.0040521;   0.0108554;   0.0264426;   0.0268050;   0.1537625;
# До матрицы 500*500 прироста от наращивания числа потоков практически нет. На 500*500 и далее, выше 5ти потоков прирост не столь высок
# => ставим порог в dim = 500; thCount = 5

Det test finished

Mult:

Mult test res:
dim/th;           6;           7;          10;          11;          15;          25;          50;         111;         150;         201;         300;         500;         501;        1000;
     1;   0.0000009;   0.0000014;   0.0000017;   0.0000018;   0.0000037;   0.0000137;   0.0000819;   0.0010057;   0.0025237;   0.0061898;   0.0214148;   0.1094370;   0.1084104;   0.9128573;
     2;   0.0000067;   0.0000072;   0.0000071;   0.0000065;   0.0000078;   0.0000128;   0.0000590;   0.0005160;   0.0012681;   0.0031322;   0.0113654;   0.0710490;   0.0626654;   0.5882144;
     3;   0.0000088;   0.0000076;   0.0000080;   0.0000078;   0.0000100;   0.0000137;   0.0000457;   0.0003734;   0.0008634;   0.0020869;   0.0072049;   0.0555977;   0.0556350;   0.5283785;
     4;   0.0000097;   0.0000099;   0.0000097;   0.0000090;   0.0000107;   0.0000142;   0.0000401;   0.0003337;   0.0006577;   0.0015959;   0.0062114;   0.0497399;   0.0422600;   0.4203234;
     5;   0.0000102;   0.0000101;   0.0000109;   0.0000098;   0.0000106;   0.0000151;   0.0000395;   0.0002881;   0.0007594;   0.0014284;   0.0063470;   0.0384405;   0.0384895;   0.3554186;
     6;   0.0000099;   0.0000104;   0.0000095;   0.0000098;   0.0000105;   0.0000152;   0.0000466;   0.0003082;   0.0008080;   0.0020969;   0.0069399;   0.0324369;   0.0332945;   0.3181416;
     7;   0.0000105;   0.0000109;   0.0000098;   0.0000100;   0.0000122;   0.0000148;   0.0000536;   0.0002856;   0.0007387;   0.0018296;   0.0064375;   0.0292996;   0.0304097;   0.3027808;
     8;   0.0000106;   0.0000113;   0.0000101;   0.0000102;   0.0000123;   0.0000152;   0.0000444;   0.0002749;   0.0006750;   0.0017733;   0.0056003;   0.0268056;   0.0263413;   0.2425908;
     9;   0.0000115;   0.0000115;   0.0000102;   0.0000102;   0.0000121;   0.0000167;   0.0000466;   0.0002652;   0.0005884;   0.0013835;   0.0059295;   0.0238564;   0.0242174;   0.2422152;
# До матрицы 200*200 прироста от наращивания числа потоков практически нет. При числе потоков = 6 видим падение производительности (при больших размерах есть небольшой прирост)
# => ставим порог в dim = 200; thCount = 6

Mult test finished

Sum:

Sum test res:
dim/th;           6;           7;          10;          11;          15;          25;          50;         111;         150;         201;         300;         500;         501;        1000;        5000;        1000;
     1;   0.0000005;   0.0000009;   0.0000007;   0.0000007;   0.0000011;   0.0000016;   0.0000028;   0.0000081;   0.0000169;   0.0000237;   0.0000461;   0.0001877;   0.0001160;   0.0010182;   0.0907272;   0.0010072;
     2;   0.0000063;   0.0000064;   0.0000061;   0.0000063;   0.0000068;   0.0000069;   0.0000082;   0.0000131;   0.0000185;   0.0000294;   0.0000488;   0.0001181;   0.0001121;   0.0007480;   0.0889379;   0.0008876;
     3;   0.0000087;   0.0000090;   0.0000074;   0.0000092;   0.0000079;   0.0000079;   0.0000099;   0.0000167;   0.0000209;   0.0000283;   0.0000478;   0.0001081;   0.0001050;   0.0007125;   0.0892286;   0.0007476;
     4;   0.0000094;   0.0000086;   0.0000075;   0.0000084;   0.0000083;   0.0000097;   0.0000108;   0.0000167;   0.0000209;   0.0000307;   0.0000485;   0.0001044;   0.0001011;   0.0006986;   0.0898875;   0.0006728;
     5;   0.0000090;   0.0000098;   0.0000096;   0.0000098;   0.0000094;   0.0000105;   0.0000116;   0.0000170;   0.0000228;   0.0000302;   0.0000486;   0.0001015;   0.0001036;   0.0006944;   0.0910467;   0.0006726;
     6;   0.0000102;   0.0000106;   0.0000096;   0.0000097;   0.0000098;   0.0000104;   0.0000116;   0.0000176;   0.0000234;   0.0000320;   0.0000489;   0.0001024;   0.0001125;   0.0007136;   0.0929315;   0.0008102;
     7;   0.0000101;   0.0000109;   0.0000102;   0.0000098;   0.0000100;   0.0000104;   0.0000117;   0.0000189;   0.0000234;   0.0000307;   0.0000469;   0.0001055;   0.0001062;   0.0006805;   0.0931785;   0.0007331;
     8;   0.0000106;   0.0000105;   0.0000104;   0.0000105;   0.0000104;   0.0000110;   0.0000120;   0.0000192;   0.0000245;   0.0000313;   0.0000515;   0.0001064;   0.0001030;   0.0006961;   0.0945173;   0.0007969;
     9;   0.0000107;   0.0000109;   0.0000106;   0.0000105;   0.0000105;   0.0000110;   0.0000122;   0.0000194;   0.0000249;   0.0000310;   0.0000500;   0.0001071;   0.0001037;   0.0007008;   0.0937395;   0.0013194;
# До матрицы 1000*1000 прироста от наращивания числа потоков практически нет. При числе потоков > 4 рост производительности не велик
# => ставим порог в dim = 1000; thCount = 4
Sum test finished

Substr:

Substr test res:
dim/th;           6;           7;          10;          11;          15;          25;          50;         111;         150;         201;         300;         500;         501;        1000;        5000;        1000;
     1;   0.0000005;   0.0000009;   0.0000007;   0.0000008;   0.0000009;   0.0000021;   0.0000044;   0.0000169;   0.0000463;   0.0000437;   0.0000820;   0.0002246;   0.0003287;   0.0012759;   0.0966586;   0.0014351;
     2;   0.0000058;   0.0000061;   0.0000058;   0.0000059;   0.0000062;   0.0000072;   0.0000089;   0.0000166;   0.0000297;   0.0000485;   0.0000967;   0.0001947;   0.0002240;   0.0010984;   0.0898404;   0.0012406;
     3;   0.0000070;   0.0000070;   0.0000072;   0.0000068;   0.0000072;   0.0000084;   0.0000113;   0.0000180;   0.0000391;   0.0000405;   0.0000687;   0.0001655;   0.0001490;   0.0008558;   0.0927996;   0.0008535;
     4;   0.0000070;   0.0000075;   0.0000073;   0.0000075;   0.0000087;   0.0000097;   0.0000111;   0.0000189;   0.0000316;   0.0000369;   0.0000689;   0.0001596;   0.0001825;   0.0009100;   0.0938430;   0.0008630;
     5;   0.0000085;   0.0000090;   0.0000086;   0.0000086;   0.0000090;   0.0000098;   0.0000126;   0.0000181;   0.0000322;   0.0000400;   0.0000640;   0.0001477;   0.0001439;   0.0009440;   0.0936149;   0.0008286;
     6;   0.0000099;   0.0000102;   0.0000094;   0.0000098;   0.0000105;   0.0000112;   0.0000127;   0.0000213;   0.0000340;   0.0000405;   0.0000708;   0.0001499;   0.0001475;   0.0008528;   0.0940247;   0.0008310;
     7;   0.0000097;   0.0000101;   0.0000102;   0.0000104;   0.0000106;   0.0000115;   0.0000127;   0.0000215;   0.0000305;   0.0000411;   0.0000641;   0.0001549;   0.0001623;   0.0008551;   0.0940678;   0.0007902;
     8;   0.0000102;   0.0000102;   0.0000103;   0.0000104;   0.0000105;   0.0000114;   0.0000131;   0.0000208;   0.0000295;   0.0000427;   0.0000657;   0.0001686;   0.0001489;   0.0008161;   0.0953984;   0.0008760;
     9;   0.0000100;   0.0000108;   0.0000106;   0.0000118;   0.0000110;   0.0000115;   0.0000147;   0.0000212;   0.0000308;   0.0000420;   0.0000628;   0.0001439;   0.0001416;   0.0007398;   0.0962655;   0.0007848;
Substr test finished

